0.0269137948409771
0.00534227942866392
0.0407511327215021
0.000770938472923848
0.029285553930649
0.044749528090691
0.00446590316156339
0.00355214903575751
0.00567143965022897
0.0125031717194549
0.0166764310655658
0.0229389102963428
0.0195161245958002
0.000178302718658003
0.024743039251495
0.00140379401441357
0.00176156668018761
0.0141377912407459
0.0175988060362683
0.00348753944586051
0.00357625096222433
0.00611649969210325
0.0235713505374885
0.00771416432947252
0.000216777432049871
0.00861107799700425
0.0214726359802505
0.0151427110775745
0.0179437992373496
0.000474466302663098
0.0169070138391734
0.0174252956244231
0.0418425485458949
0.0443493736782154
0.00686119152063898
0.0203141300636448
0.000295238632800042
0.0151564786853367
0.00479023583774557
0.00204856413306025
0.0492005561124862
0.0364750164713292
0.0151476861874894
0.00237708148171926
0.00840603406791773
0.0776387705758372
0.00872130492260347
0.0258516163114205
