0.0932364674789875
0.0532422421005753
0.0658527903510795
0.0595640459168157
0.00622520535362662
0.00148703508702241
0.0168261953900064
0.00551575502369901
0.00391126668681706
0.00912744144436349
0.155537607176343
0.00465818548882719
0.0158286015970626
0.0174224024384051
0.00290087227088916
0.0260398492279389
0.0320382396616903
0.0781510828367323
0.0106188499392589
0.00716857688884209
0.0207221036558732
0.0100120966890311
0.0535964705454352
0.0186364187020237
0.0273640594787037
0.0132527634948193
0.0122264268509365
0.00410824861742667
0.010352037037037
0.0161053695634769
0.00987227845067815
0.0866122732603345
