0.0256918572019495
0.0655654930948006
0.0530511198864976
0.0224843207177574
0.00120405753702494
0.00580942939002938
0.0161316456704965
0.00358647412922694
0.0166490437644428
0.107555582756045
0.0597130859343985
0.0178935756098866
0.010352037037037
0.00577113752675158
0.00898786620098942
0.155960368403553
0.002660123726687
0.015668915863938
0.0167970292751399
0.00298564276933766
0.031797609293922
0.0780755473895668
0.0105367330101489
0.00713874025696669
0.0216066148723692
0.00995797863821499
0.0530878941250064
0.019461637807148
0.00922770686412609
0.0129590891284885
0.0124488556646798
0.00472883825558748
0.00956952766724123
0.0857869298249984
