NsList: [69 58 77 44 51 77 57 54 52 48]
NrList: [166 192 163 123 196 161 187 127 113 140]
species_params: [[1.03202941 6.92682775 0.18031533 0.28587352]
 [1.86578828 7.65442891 0.13341471 0.22177383]
 [1.89535931 6.57209935 0.12774559 0.3289162 ]
 [1.34909076 4.97201425 0.16430746 0.23661309]
 [1.71341129 4.6438826  0.1745358  0.34789773]
 [1.45742062 4.03559454 0.14016651 0.22519271]
 [1.25773484 7.02498992 0.14700508 0.3005817 ]
 [1.9230879  7.3823798  0.13645629 0.21840961]
 [1.82668205 2.38749775 0.1837687  0.23283967]
 [1.83398681 4.60969951 0.13584546 0.29008505]]
delta: 0.2
resSupplyConc: [50 50 50 50 50 50 50 50 50 50]
numRuns: 10
maxTime: 10000
comments: random communities
