NsList: [80 65 95 49 97 95 84 89 63 43]
NrList: [136 151 162 170 153 181 148 198 108 148]
species_params: [[1.79695955 4.91715237 0.17812685 0.38013859]
 [1.6838838  7.62472346 0.14181229 0.32249013]
 [1.56913616 4.5907837  0.18886746 0.33724255]
 [1.06884928 6.97948277 0.12594503 0.23484051]
 [1.24833929 2.40220032 0.19448191 0.22556754]
 [1.45638522 9.15926333 0.172761   0.29287385]
 [1.01199644 9.24191699 0.13609713 0.3062451 ]
 [1.72543825 9.61119762 0.19311729 0.29157378]
 [1.2218737  9.74552716 0.19216551 0.39608742]
 [1.16307009 1.30869275 0.19683503 0.25038552]]
delta: 0.2
resSupplyConc: [50 50 50 50 50 50 50 50 50 50]
numRuns: 10
maxTime: 10000
comments: random communities
