NsList: [90 57 94 74 57 85 80 64 78 63]
NrList: [184 180 160 115 102 148 181 152 118 105]
species_params: [[1.52613163 5.45669181 0.11407324 0.23427822]
 [1.11600657 3.40215041 0.11847856 0.39267542]
 [1.56969818 1.38231251 0.19358892 0.25409516]
 [1.92837352 8.55538677 0.19685597 0.32371664]
 [1.51351413 7.09935702 0.12216435 0.30940408]
 [1.0653222  2.87286568 0.1763316  0.34980614]
 [1.58613513 7.44699154 0.18867382 0.23973467]
 [1.48796855 4.93254958 0.1097035  0.34006241]
 [1.77595438 8.41025331 0.19998362 0.23286846]
 [1.26898838 2.97859418 0.12504483 0.37693341]]
delta: 0.2
resSupplyConc: [50 50 50 50 50 50 50 50 50 50]
numRuns: 10
maxTime: 10000
comments: random communities
