NsList: [96 77 78 71 92 50 46 91 67 91]
NrList: [182 117 198 160 186 135  73 155 178 192]
species_params: [[1.23304864 9.79916489 0.1213306  0.2493465 ]
 [1.68863312 7.02253838 0.10256117 0.33817583]
 [1.90455088 6.74500287 0.17119253 0.26029203]
 [1.93400844 5.82240259 0.14369086 0.29035264]
 [1.31189543 5.31338887 0.15468028 0.21440945]
 [1.02229027 2.83491754 0.10971949 0.23792404]
 [1.57395389 3.1305289  0.10254594 0.25625982]
 [1.67045968 8.95192152 0.16463563 0.25025738]
 [1.36647155 4.14228443 0.15019424 0.35728156]
 [1.92372492 1.23569079 0.12068162 0.21342521]]
delta: 0.2
resSupplyConc: [50 50 50 50 50 50 50 50 50 50]
numRuns: 10
maxTime: 10000
comments: random communities
