NsList: [76 63 86 81 46 53 47 47 91 51]
NrList: [185  97 199 167 111 123 135 177 159 159]
species_params: [[1.65772709 1.99238163 0.10789448 0.24195825]
 [1.13506127 7.40113059 0.14376893 0.28278991]
 [1.92969931 5.30989915 0.13736507 0.3182833 ]
 [1.76181884 8.36475544 0.13502365 0.30195118]
 [1.7190871  4.34975745 0.19547887 0.2304285 ]
 [1.46795918 8.95571446 0.12798858 0.39339976]
 [1.79200703 6.873153   0.16069306 0.21511717]
 [1.9670108  9.88111526 0.12683238 0.34286185]
 [1.82082446 3.38813868 0.14471992 0.39768121]
 [1.58342267 6.81788185 0.18082841 0.35555446]]
delta: 0.2
resSupplyConc: [50 50 50 50 50 50 50 50 50 50]
numRuns: 10
maxTime: 10000
comments: random communities
