NsList: [74 70 53 74 48 55 80 59 89 89]
NrList: [144 105 171 128 172 171 163 181 156 162]
species_params: [[1.94730647 1.35500657 0.12953072 0.30276868]
 [1.77546337 8.48328899 0.14637759 0.31705937]
 [1.70771197 7.09424557 0.19198928 0.37014289]
 [1.74768687 3.55030629 0.18706549 0.38727092]
 [1.26542305 3.75932561 0.10834891 0.28262973]
 [1.96885361 6.56112548 0.19363453 0.35442899]
 [1.69044344 7.07262874 0.1726952  0.30881854]
 [1.96505348 9.13550444 0.16782867 0.21317702]
 [1.37885013 8.58681863 0.149701   0.39283928]
 [1.97017227 9.56225518 0.10633341 0.22234433]]
delta: 0.2
resSupplyConc: [50 50 50 50 50 50 50 50 50 50]
numRuns: 10
maxTime: 10000
comments: random communities
