NsList: [90 67 52 68 99 75 84 76 41 92]
NrList: [136 115 129 126 183 189 134 135 194 196]
species_params: [[1.8248865  7.25329522 0.13112278 0.37350635]
 [1.48775489 3.0460263  0.14064566 0.29066304]
 [1.03216719 2.27828098 0.13076182 0.39917477]
 [1.46101428 9.14463281 0.16604243 0.35862118]
 [1.35940078 1.09784855 0.17222725 0.36853135]
 [1.43350435 2.33942912 0.12637458 0.24417907]
 [1.25768531 2.24683696 0.19429205 0.24074923]
 [1.89442997 8.55074917 0.10490062 0.29215979]
 [1.26707771 1.54697983 0.15617642 0.23254982]
 [1.27418256 2.25186096 0.13078435 0.26608209]]
delta: 0.2
resSupplyConc: [50 50 50 50 50 50 50 50 50 50]
numRuns: 10
maxTime: 10000
comments: random communities
