NsList: [96 66 46 48 93 60 48 59 52 91]
NrList: [198 121  83 109 193 116 110 188  94 197]
species_params: [[1.51549215 8.80573238 0.19403894 0.23290887]
 [1.00115249 4.85809526 0.1219229  0.2774341 ]
 [1.99401249 8.30552344 0.10726017 0.3199468 ]
 [1.64741124 2.71928627 0.19608976 0.27188317]
 [1.34229864 3.3902659  0.14202703 0.25994113]
 [1.43597055 4.60385357 0.10221159 0.27727906]
 [1.69836676 5.36740838 0.12620518 0.30634176]
 [1.0979458  7.81672739 0.11363579 0.38910366]
 [1.49788757 5.63573108 0.16328157 0.25090674]
 [1.64638509 5.81196771 0.13762125 0.33903893]]
delta: 0.2
resSupplyConc: [50 50 50 50 50 50 50 50 50 50]
numRuns: 10
maxTime: 10000
comments: random communities
