NsList: [98 83 49 91 69 68 97 91 97 50]
NrList: [157 129 188 150 156 179 193 146 191 153]
species_params: [[1.1954872  7.7837584  0.19517773 0.38606596]
 [1.5537798  1.37538648 0.18756568 0.34341761]
 [1.21556465 3.06562834 0.17196206 0.24221467]
 [1.16342236 6.92623594 0.11113087 0.30461907]
 [1.99849866 6.67170982 0.15360248 0.38112755]
 [1.76327975 7.96765488 0.14378879 0.27263092]
 [1.20725491 6.48208165 0.16738139 0.37348298]
 [1.81771363 4.50436502 0.17725679 0.34396805]
 [1.69660287 1.57655546 0.18086398 0.24069666]
 [1.33941322 6.77229404 0.1565667  0.3809626 ]]
delta: 0.2
resSupplyConc: [50 50 50 50 50 50 50 50 50 50]
numRuns: 10
maxTime: 10000
comments: random communities
