NsList: [99 93 96 44 65 48 85 63 52 51]
NrList: [150 168 149 160 139 101 146 170  82 140]
species_params: [[1.63719496 3.73994661 0.18317801 0.3440978 ]
 [1.5086398  2.79203885 0.11629734 0.21540826]
 [1.34699079 2.72878753 0.19930744 0.25333125]
 [1.66702891 9.31455664 0.18279356 0.35701046]
 [1.56087219 1.41400263 0.12817135 0.29053581]
 [1.03589076 2.41314529 0.10664683 0.20772241]
 [1.19286903 1.49785056 0.18448449 0.31277041]
 [1.6822717  3.81764618 0.1248869  0.36413279]
 [1.06973495 7.18581761 0.12946094 0.3305048 ]
 [1.57109349 2.6763106  0.14476888 0.30274243]]
delta: 0.2
resSupplyConc: [50 50 50 50 50 50 50 50 50 50]
numRuns: 10
maxTime: 10000
comments: random communities
